sizeof(float)=4, sizeof(double)=8, sizeof(long double)=12
3.51 3.51 3.51
sin: -0.36013 -0.36013 -0.36013
cos: -0.932902 -0.932902 -0.932902
tan: 0.386032 0.386032 0.386032
sinh: 16.7092 16.7092 16.7092
cosh: 16.7391 16.7391 16.7391
tanh: 0.998214 0.998214 0.998214
asin: -1.#IND -1.#IND -1.#IND
acos: -1.#IND -1.#IND -1.#IND
atan: 1.29325 1.29325 1.29325
atan2: 1.4293 1.4293 1.4293
exp: 33.4483 33.4483 33.4483
exp2: 11.3924 11.3924 11.3924
pow: 12.3201 12.3201 12.3201
sqrt: 1.8735 1.8735 1.8735
ceil: 4 4 4
floor: 3 3 3
fabs: 3.51 3.51 3.51
fmod: 1.01 1.01 1.01
log1p: 1.5063 1.5063 1.5063
log2: 1.81147 1.81147 1.81147
logb: 1 1 1
tgamma: 3.36027 3.36027 3.36027
lgamma: 1.21202 1.21202 1.21202
erf: 0.999999 0.999999 0.999999
erfc: 6.90952e-007 6.90952e-007 6.90952e-007
nearbyint: 4 4 4
rint: 4 4 4
lrint: 4 4 4
llrint: 4 4 4
lround: 4 4 4
llround: 4 4 4
log: 1.25562 1.25562 1.25562
log10: 0.545307 0.545307 0.545307
round: 4 4 4
trunc: 3 3 3
remainder: -0.49 -0.49 -0.49
copysign: -3.51 -3.51 -3.51
nexttoward: 3.51 3.51 3.51
nexttoward: 3.51 3.51 3.51
fdim: 3.01 3.01 3.01
fmax: 3.51 3.51 3.51
fmin: 0.5 0.5 0.5
hypot: 3.81708 3.81708 3.81708
cbrt: 1.51974 1.51974 1.51974
frexp: 0.8775=2 0.8775=2 0.8775=2
ldexp: 14.04 14.04 14.04
ilogb: 1 1 1
scalbn: 14.04 14.04 14.04
scalbln: 14.04 14.04 14.04
fma: 8.52 8.52 8.52
-1.#INF is not nan
-1.#INF is inf
Ld:3.51 d:3.51 f:3.51
